(1.0, 0.0, 0.0, 0.0)
222 760 MAP: 0.335
(0.0, 1.0, 0.0, 0.0)
18 760 MAP: 0.033
(0.0, 0.0, 1.0, 0.0)
3 760 MAP: 0.011
(0.0, 0.0, 0.0, 1.0)
56 760 MAP: 0.135
---------------------
(1.0, -0.1, 0.0, 0.0)
223 760 MAP: 0.336
(1.0, -0.2, 0.0, 0.0)
222 760 MAP: 0.339
(1.0, -0.3, 0.0, 0.0)
224 760 MAP: 0.341
(1.0, -0.4, 0.0, 0.0)
225 760 MAP: 0.340
---------------------
(1.0, 0.0, -0.1, 0.0)
205 760 MAP: 0.318
(1.0, 0.0, -0.2, 0.0)
184 760 MAP: 0.313
(1.0, 0.0, -0.3, 0.0)
168 760 MAP: 0.282
(1.0, 0.0, -0.4, 0.0)
157 760 MAP: 0.272
---------------------
(1.0, 0.0, 0.0, -0.1)
222 760 MAP: 0.342
(1.0, 0.0, 0.0, -0.2)
183 760 MAP: 0.282
(1.0, 0.0, 0.0, -0.3)
156 760 MAP: 0.213
(1.0, 0.0, 0.0, -0.4)
133 760 MAP: 0.150
---------------------
(1.0, 0.0, 0.0, 0.1)
220 760 MAP: 0.338
(1.0, 0.0, 0.0, 0.2)
224 760 MAP: 0.333
(1.0, 0.0, 0.0, 0.3)
223 760 MAP: 0.335
(1.0, 0.0, 0.0, 0.4)
224 760 MAP: 0.338
---------------------
(1.0, -0.4, 0.0, 0.1)
224 760 MAP: 0.337
(1.0, -0.4, 0.0, 0.2)
220 760 MAP: 0.342
(1.0, -0.4, 0.0, 0.3)
219 760 MAP: 0.339
---------------------
(1.0, -0.4, 0.1, 0.0)
229 760 MAP: 0.356
(1.0, -0.4, 0.2, 0.0)
189 760 MAP: 0.344
(1.0, -0.4, 0.3, 0.0)
135 760 MAP: 0.294
---------------------
(1.0, -0.4, 0.0, 0.0)
225 760 MAP: 0.340
(1.0, -0.4, 0.0, -0.1)
215 760 MAP: 0.340
(1.0, -0.4, 0.0, -0.2)
182 760 MAP: 0.271
---------------------
(1.0, -0.4, 0.0, 0.0)
225 760 MAP: 0.340
(1.0, -0.4, -0.1, 0.0)
202 760 MAP: 0.309
(1.0, -0.4, -0.2, 0.0)
186 760 MAP: 0.303
---------------------
(1.0, -0.4, 0.1, 0.1)
236 760 MAP: 0.348
